2	
17	
33	
42	
47	
52	
53	
62	
63	
67	
98	
104	
105	
147	
153	
154	
158	
159	
160	
164	
177	
186	
218	
235	
239	
253	
258	
267	
271	
296	
298	
313	
321	
338	
339	
349	
353	
355	
356	
361	
366	
371	
374	
378	
390	
412	
421	
422	
423	
434	
442	
446	
470	
476	
488	
500	
503	
509	
534	
548	
562	
563	
569	
576	
582	
583	
585	
603	
606	
608	
620	
628	
632	
636	
641	
642	
661	
680	
686	
702	
727	
769	
773	
780	
781	
793	
802	
806	
817	
833	
842	
875	
878	
895	
900	
912	
919	
923	
933	
936	
946	
957	
960	
972	
1001	
1004	
1014	
1016	
1017	
1019	
1027	
1047	
1053	
1056	
1062	
1066	
1072	
1079	
1084	
1090	
1092	
1093	
1112	
1117	
1123	
1124	
1136	
1138	
1141	
1145	
1153	
1155	
1160	
1163	
1172	
1185	
1194	
1196	
1200	
1201	
1203	
1207	
1217	
1229	
1231	
1243	
1244	
1250	
1259	
1260	
1310	
1316	
1322	
1325	
1326	
1337	
1344	
1347	
1351	
1355	
1356	
1361	
1365	
1366	
1371	
1373	
1377	
1378	
1379	
1395	
1403	
1406	
1418	
1425	
1437	
1448	
1451	
1454	
1462	
1467	
1477	
1484	
1485	
1504	
1509	
1517	
1528	
1566	
1583	
1591	
1592	
1594	
1595	
1600	
1601	
1602	
1613	
1615	
1622	
1625	
1643	
1645	
1647	
1658	
1674	
1689	
1697	
1700	
1713	
1725	
1729	
1736	
1738	
1742	
1743	
1744	
1753	
1757	
1761	
1762	
1766	
1776	
1777	
1783	
1787	
1867	
1884	
1886	
1888	
1893	
1902	
1910	
1921	
1927	
1930	
1948	
1956	
1960	
1975	
1981	
1987	
1994	
1995	
2003	
2005	
2006	
2020	
2022	
2035	
2044	
2045	
2071	
2074	
2077	
2082	
2106	
2124	
2134	
2155	
2179	
2180	
2182	
2202	
2215	
2223	
2225	
2239	
2270	
2281	
2283	
2284	
2297	
2300	
2314	
2317	
2329	
2332	
2335	
2337	
2338	
2342	
2343	
2344	
2346	
2348	
2360	
2361	
2376	
2377	
2383	
2394	
2400	
2403	
2412	
2413	
2437	
2453	
2475	
2485	
2811	167555
2816	59919
3130	1009708
3843	1123866
3869	1131266
3871	1131274
4144	1203261
6421	589873
6561	655815
6881	859653
7122	939324
7124	939696
7126	939745
7285	529120
